15	22465500
15	22460708
15	22460769
15	22461089
15	22460823
15	22461093
18	21904184
18	21904554
15	22460819
15	22461092
18	21904186
18	21904553
15	22460771
15	22461412
15	22468575
15	22468561
15	22469677
15	22472707
15	22473106
15	20172409
15	20173187
15	20174827
15	20173710
15	22472699
15	22473095
15	21222587
15	21222979
15	22461528
15	22468575
15	22468561
15	22469677
15	22472707
15	22473106
15	20172409
15	20173187
15	20174827
15	20173710
15	20175216
15	22472699
15	22473095
15	22460803
15	22460803
